x <- c(2.438186813186813,2.438186813186813,2.431318681318681,2.431318681318681,2.3763736263736264,2.3763736263736264,2.3695054945054945,2.3695054945054945,2.3695054945054945,2.3626373626373627,2.3626373626373627,2.3626373626373627,2.355769230769231,2.355769230769231,2.355769230769231,2.348901098901099,2.348901098901099,2.287087912087912,2.287087912087912,2.287087912087912,2.28021978021978,2.28021978021978,2.28021978021978,2.2733516483516483,2.2733516483516483,2.2733516483516483,2.2664835164835164,2.2664835164835164,2.2664835164835164,2.2596153846153846,2.2596153846153846,2.2596153846153846,2.2527472527472527,2.2527472527472527,2.2527472527472527,2.245879120879121,2.245879120879121,2.245879120879121,2.197802197802198,2.197802197802198,2.1909340659340657,2.1909340659340657,2.1840659340659343,2.1840659340659343,2.177197802197802,2.177197802197802,2.1703296703296706,2.1703296703296706,2.1634615384615383,2.1634615384615383,2.1634615384615383,2.156593406593407,2.1153846153846154,2.1153846153846154,2.1085164835164836,2.1085164835164836,2.1016483516483517,2.1016483516483517,2.1016483516483517,2.09478021978022,2.09478021978022,2.0604395604395602,2.0604395604395602,2.0535714285714284,2.0535714285714284,2.0535714285714284,2.0467032967032965,2.0467032967032965,2.0467032967032965,2.0398351648351647,2.0398351648351647,2.0398351648351647,2.032967032967033,2.032967032967033,2.032967032967033,2.026098901098901,2.026098901098901,2.026098901098901,2.019230769230769,2.019230769230769,2.0123626373626373,2.0123626373626373,2.0123626373626373,2.0054945054945055,2.0054945054945055,1.9917582417582416,1.9917582417582416,1.9917582417582416,1.9848901098901097,1.9848901098901097,1.9848901098901097,1.9780219780219779,1.9780219780219779,1.9780219780219779,1.971153846153846,1.971153846153846,1.9436813186813187,1.9368131868131868,1.9368131868131868,1.9368131868131868,1.929945054945055,1.929945054945055,1.9230769230769231,1.9230769230769231,1.9162087912087913,1.9162087912087913,1.9162087912087913,1.8543956043956045,1.8543956043956045,1.8475274725274726,1.8475274725274726,1.8406593406593408,1.8406593406593408,1.8337912087912087,1.8337912087912087,1.8269230769230769,1.8269230769230769,1.7651098901098903,1.7651098901098903,1.7651098901098903,1.7582417582417584,1.7582417582417584,1.7582417582417584,1.7513736263736264,1.7513736263736264,1.7513736263736264,1.7445054945054945,1.7445054945054945,1.7445054945054945,1.7376373626373627,1.7376373626373627,1.682692307692308,1.682692307692308,1.6758241758241756,1.6758241758241756,1.6689560439560438,1.6689560439560438,1.662087912087912,1.662087912087912,1.662087912087912,1.6552197802197801,1.6552197802197801,1.6552197802197801,1.6483516483516483,1.6483516483516483,1.6483516483516483,1.6414835164835164,1.6414835164835164,1.6414835164835164,1.6346153846153846,1.5934065934065933,1.5934065934065933,1.5865384615384615,1.5865384615384615,1.5796703296703296,1.5796703296703296,1.5728021978021978,1.5728021978021978,1.565934065934066,1.565934065934066,1.510989010989011,1.504120879120879,1.504120879120879,1.504120879120879,1.4972527472527473,1.4972527472527473,1.4903846153846154,1.4903846153846154,1.4835164835164836,1.4835164835164836,1.4217032967032965,1.4217032967032965,1.4217032967032965,1.4148351648351647,1.4148351648351647,1.4148351648351647,1.4079670329670328,1.4079670329670328,1.4079670329670328,1.401098901098901,1.401098901098901,1.401098901098901,1.3942307692307692,1.3942307692307692,1.3942307692307692,1.3873626373626373,1.3873626373626373,1.3873626373626373,1.3804945054945055,1.3804945054945055,1.3804945054945055,1.3324175824175823,1.3324175824175823,1.3255494505494505,1.3255494505494505,1.3186813186813187,1.3186813186813187,1.3118131868131868,1.3118131868131868,1.304945054945055,1.25,1.25,1.2431318681318682,1.2431318681318682,1.2362637362637363,1.2362637362637363,1.2362637362637363,1.2293956043956042,1.2293956043956042,1.2293956043956042,1.2225274725274724,1.2225274725274724,1.2225274725274724,1.1607142857142858,1.1607142857142858,1.153846153846154,1.153846153846154,1.146978021978022,1.146978021978022,1.146978021978022,1.14010989010989,1.14010989010989,1.1263736263736264,1.1263736263736264,1.1195054945054945,1.1195054945054945,1.1126373626373627,1.1126373626373627,1.0782967032967035,1.0782967032967035,1.0714285714285714,1.0714285714285714,1.0645604395604396,1.0645604395604396,1.0576923076923077,1.0576923076923077,1.043956043956044,1.0370879120879122,1.0370879120879122,1.0370879120879122,1.0302197802197801,1.0302197802197801,1.0302197802197801,1.0233516483516483,1.0233516483516483,0.9890109890109889,0.9890109890109889,0.9890109890109889,0.9821428571428571,0.9821428571428571,0.9821428571428571,0.9752747252747253,0.9752747252747253,0.9752747252747253,0.9684065934065934,0.9684065934065934,0.9615384615384616,0.9615384615384616,0.9546703296703296,0.9546703296703296,0.9546703296703296,0.9065934065934066,0.9065934065934066,0.8997252747252747,0.8997252747252747,0.8928571428571429,0.8928571428571429,0.8928571428571429,0.8859890109890111,0.8859890109890111,0.8859890109890111,0.8791208791208792,0.8791208791208792,0.8791208791208792,0.8722527472527473,0.8722527472527473,0.8722527472527473,0.8653846153846154,0.8653846153846154,0.8173076923076923,0.8173076923076923,0.8104395604395604,0.8104395604395604,0.8104395604395604,0.8035714285714286,0.8035714285714286,0.8035714285714286,0.7967032967032966,0.7967032967032966,0.7967032967032966,0.7898351648351648,0.7898351648351648,0.7898351648351648,0.782967032967033,0.782967032967033,0.7760989010989011,0.7760989010989011,0.7280219780219781,0.7280219780219781,0.721153846153846,0.721153846153846,0.7142857142857142,0.7142857142857142,0.7142857142857142,0.7074175824175823,0.7074175824175823,0.7074175824175823,0.7005494505494505,0.7005494505494505,0.6936813186813187,0.6936813186813187,0.6456043956043956,0.6456043956043956,0.6387362637362637,0.6387362637362637,0.6387362637362637,0.6318681318681318,0.6318681318681318,0.6318681318681318,0.625,0.625,0.625,0.6181318681318682,0.6181318681318682,0.6181318681318682,0.6112637362637362,0.6112637362637362,0.6043956043956044,0.6043956043956044,0.5631868131868132,0.5631868131868132,0.5563186813186813,0.5563186813186813,0.5563186813186813,0.5494505494505495,0.5494505494505495,0.5494505494505495,0.5425824175824177,0.5425824175824177,0.5425824175824177,0.5357142857142857,0.5357142857142857,0.5357142857142857,0.5288461538461539,0.5288461538461539,0.5288461538461539,0.521978021978022,0.521978021978022,0.521978021978022,0.5151098901098901,0.4739010989010989,0.4739010989010989,0.46703296703296704,0.46703296703296704,0.46703296703296704,0.4601648351648352,0.4601648351648352,0.4601648351648352,0.4532967032967033,0.4532967032967033,0.4532967032967033,0.44642857142857145,0.44642857142857145,0.4395604395604396,0.4395604395604396,0.4395604395604396,0.4326923076923077,0.4326923076923077,0.4326923076923077,0.38461538461538464,0.38461538461538464,0.38461538461538464,0.37774725274725274,0.37774725274725274,0.37774725274725274,0.3708791208791209,0.3708791208791209,0.36401098901098905,0.3571428571428571,0.35027472527472525,0.35027472527472525,0.3434065934065934,0.3434065934065934,0.3434065934065934,0.3365384615384615,0.3365384615384615,0.3365384615384615,0.3090659340659341,0.3021978021978022,0.3021978021978022,0.3021978021978022,0.29532967032967034,0.29532967032967034,0.29532967032967034,0.2884615384615385,0.2884615384615385,0.2884615384615385,0.2884615384615385,0.2815934065934066,0.2815934065934066,0.2815934065934066,0.2815934065934066,0.27472527472527475,0.27472527472527475,0.27472527472527475,0.26785714285714285,0.26785714285714285,0.260989010989011,0.2403846153846154,0.2403846153846154,0.23351648351648352,0.23351648351648352,0.23351648351648352,0.22664835164835165,0.22664835164835165,0.2197802197802198,0.2197802197802198,0.2197802197802198,0.18543956043956045,0.18543956043956045,0.18543956043956045,0.17857142857142855,0.17857142857142855,0.17857142857142855,0.1717032967032967,0.1717032967032967,