x <- c(2.438186813186813,2.438186813186813,2.431318681318681,2.431318681318681,2.4244505494505493,2.4244505494505493,2.4175824175824174,2.4175824175824174,2.4107142857142856,2.4107142857142856,2.4038461538461537,2.4038461538461537,2.396978021978022,2.396978021978022,2.39010989010989,2.39010989010989,2.383241758241758,2.383241758241758,2.3763736263736264,2.3763736263736264,2.3695054945054945,2.3695054945054945,2.3626373626373627,2.3626373626373627,2.355769230769231,2.355769230769231,2.348901098901099,2.348901098901099,2.342032967032967,2.342032967032967,2.3351648351648353,2.3351648351648353,2.3282967032967035,2.3282967032967035,2.3214285714285716,2.3214285714285716,2.3145604395604398,2.3145604395604398,2.307692307692308,2.307692307692308,2.3008241758241756,2.3008241758241756,2.293956043956044,2.293956043956044,2.287087912087912,2.287087912087912,2.28021978021978,2.28021978021978,2.2733516483516483,2.2733516483516483,2.2664835164835164,2.2664835164835164,2.2527472527472527,2.2527472527472527,2.245879120879121,2.245879120879121,2.239010989010989,2.239010989010989,2.232142857142857,2.232142857142857,2.2252747252747254,2.2252747252747254,2.218406593406593,2.218406593406593,2.2115384615384617,2.2115384615384617,2.2046703296703294,2.2046703296703294,2.197802197802198,2.197802197802198,2.1909340659340657,2.1909340659340657,2.1840659340659343,2.1840659340659343,2.177197802197802,2.1634615384615383,2.1634615384615383,2.156593406593407,2.156593406593407,2.1497252747252746,2.1497252747252746,2.142857142857143,2.142857142857143,2.135989010989011,2.135989010989011,2.129120879120879,2.129120879120879,2.1222527472527473,2.1222527472527473,2.1153846153846154,2.1153846153846154,2.1085164835164836,2.1085164835164836,2.1016483516483517,2.1016483516483517,2.09478021978022,2.09478021978022,2.081043956043956,2.081043956043956,2.0741758241758244,2.0741758241758244,2.067307692307692,2.067307692307692,2.0604395604395602,2.0604395604395602,2.0535714285714284,2.0535714285714284,2.0467032967032965,2.0467032967032965,2.0398351648351647,2.0398351648351647,2.032967032967033,2.032967032967033,2.026098901098901,2.026098901098901,2.019230769230769,2.019230769230769,2.0123626373626373,2.0123626373626373,1.9780219780219779,1.9780219780219779,1.971153846153846,1.971153846153846,1.9642857142857142,1.9642857142857142,1.9574175824175823,1.9574175824175823,1.9505494505494505,1.9505494505494505,1.9505494505494505,1.9436813186813187,1.9436813186813187,1.9368131868131868,1.9368131868131868,1.929945054945055,1.929945054945055,1.9230769230769231,1.9230769230769231,1.9162087912087913,1.9162087912087913,1.9093406593406592,1.9093406593406592,1.9024725274725274,1.9024725274725274,1.8956043956043955,1.8956043956043955,1.8887362637362637,1.8818681318681318,1.8818681318681318,1.875,1.875,1.8681318681318682,1.8612637362637363,1.8543956043956045,1.8543956043956045,1.8475274725274726,1.8406593406593408,1.8337912087912087,1.8269230769230769,1.8269230769230769,1.820054945054945,1.820054945054945,1.8131868131868132,1.8131868131868132,1.8063186813186813,1.8063186813186813,1.7994505494505495,1.7994505494505495,1.7925824175824177,1.7925824175824177,1.7857142857142858,1.7857142857142858,1.778846153846154,1.778846153846154,1.7719780219780221,1.7719780219780221,1.7651098901098903,1.7651098901098903,1.7582417582417584,1.7582417582417584,1.7513736263736264,1.7513736263736264,1.7445054945054945,1.7445054945054945,1.7376373626373627,1.7376373626373627,1.7307692307692308,1.7307692307692308,1.723901098901099,1.723901098901099,1.7170329670329672,1.7170329670329672,1.7101648351648353,1.7101648351648353,1.7032967032967035,1.7032967032967035,1.6964285714285716,1.6964285714285716,1.6964285714285716,1.6895604395604398,1.6895604395604398,1.6895604395604398,1.682692307692308,1.682692307692308,1.682692307692308,1.6758241758241756,1.6758241758241756,1.6689560439560438,1.6689560439560438,1.6689560439560438,1.662087912087912,1.662087912087912,1.6552197802197801,1.6483516483516483,1.6414835164835164,1.6414835164835164,1.6346153846153846,1.6346153846153846,1.6277472527472527,1.6277472527472527,1.620879120879121,1.620879120879121,1.614010989010989,1.614010989010989,1.6071428571428572,1.6071428571428572,1.6002747252747251,1.6002747252747251,1.5934065934065933,1.5934065934065933,1.5865384615384615,1.5865384615384615,1.5796703296703296,1.5796703296703296,1.5728021978021978,1.5728021978021978,1.565934065934066,1.565934065934066,1.559065934065934,1.5521978021978022,1.5521978021978022,1.5453296703296704,1.5453296703296704,1.5453296703296704,1.5384615384615385,1.5384615384615385,1.5384615384615385,1.5315934065934067,1.5315934065934067,1.5247252747252749,1.5247252747252749,1.5178571428571428,1.5178571428571428,1.510989010989011,1.510989010989011,1.504120879120879,1.504120879120879,1.4972527472527473,1.4972527472527473,1.4903846153846154,1.4903846153846154,1.4835164835164836,1.4766483516483517,1.4766483516483517,1.4697802197802199,1.4697802197802199,1.462912087912088,1.462912087912088,1.4560439560439562,1.4560439560439562,1.4491758241758244,1.4491758241758244,1.4491758241758244,1.442307692307692,1.442307692307692,1.4354395604395602,1.4354395604395602,1.4285714285714284,1.4285714285714284,1.4217032967032965,1.4217032967032965,1.4217032967032965,1.4148351648351647,1.4148351648351647,1.4079670329670328,1.4079670329670328,1.401098901098901,1.3873626373626373,1.3804945054945055,1.3804945054945055,1.3736263736263736,1.3736263736263736,1.3667582417582416,1.3667582417582416,1.3598901098901097,1.3598901098901097,1.3530219780219779,1.3530219780219779,1.346153846153846,1.346153846153846,1.3392857142857142,1.3324175824175823,1.3324175824175823,1.3255494505494505,1.3255494505494505,1.3186813186813187,1.3186813186813187,1.3186813186813187,1.3118131868131868,1.2980769230769231,1.2980769230769231,1.2980769230769231,1.2912087912087913,1.2912087912087913,1.2843406593406592,1.2843406593406592,1.2774725274725274,1.2774725274725274,1.2706043956043955,1.2706043956043955,1.2637362637362637,1.2637362637362637,1.2637362637362637,1.2568681318681318,1.25,1.25,1.25,1.2431318681318682,1.2431318681318682,1.2431318681318682,1.2362637362637363,1.2362637362637363,1.2293956043956042,1.2293956043956042,1.2087912087912087,1.2087912087912087,1.2019230769230769,1.2019230769230769,1.195054945054945,1.195054945054945,1.1881868131868132,1.1881868131868132,1.1813186813186813,1.1813186813186813,1.1744505494505495,1.1744505494505495,1.1675824175824177,1.1675824175824177,1.1607142857142858,1.1607142857142858,1.153846153846154,1.153846153846154,1.146978021978022,1.146978021978022,1.1126373626373627,1.1126373626373627,1.1057692307692308,1.1057692307692308,1.1057692307692308,1.098901098901099,1.098901098901099,1.098901098901099,1.0920329670329672,1.0920329670329672,1.0920329670329672,1.0851648351648353,1.0851648351648353,1.0851648351648353,1.0782967032967035,1.0782967032967035,1.0782967032967035,1.0714285714285714,1.0714285714285714,1.0645604395604396,1.0645604395604396,1.0576923076923077,1.0576923076923077,1.0508241758241759,1.0508241758241759,1.043956043956044,1.043956043956044,1.043956043956044,1.0370879120879122,1.0370879120879122,1.0302197802197801,1.0302197802197801,1.0233516483516483,1.0233516483516483,1.0164835164835164,1.0164835164835164,1.0096153846153846,1.0096153846153846,1.0027472527472527,1.0027472527472527,0.9958791208791208,0.9958791208791208,0.9890109890109889,0.9890109890109889,0.9821428571428571,0.9821428571428571,0.9752747252747253,0.9752747252747253,0.9546703296703296,0.9546703296703296,0.9478021978021978,0.9478021978021978,0.9409340659340659,0.9409340659340659,0.9340659340659341,0.9340659340659341,0.9271978021978022,0.9271978021978022,0.9203296703296704,0.9203296703296704,0.9134615384615384,0.9134615384615384,0.9065934065934066,0.9065934065934066,0.8997252747252747,0.8997252747252747,0.8928571428571429,0.8928571428571429,0.8859890109890111,0.8722527472527473,0.8653846153846154,0.8585164835164836,0.8585164835164836,0.8516483516483517,0.8516483516483517,